 bleaaaadadav bleaaaadadav Run      Valoare    Greutate    GreutateMaxima
1           511       608       19524
2           89       153       19524
3           218       250       19524
4           587       603       19524
5           391       358       19524
6           500       515       19524
7           583       496       19524
8           310       442       19524
9           556       642       19524
10           500       553       19524
11           355       453       19524
12           576       528       19524
13           100       82       19524
14           304       290       19524
15           559       501       19524
16           343       523       19524
17           135       122       19524
18           417       389       19524
19           218       191       19524
20           253       226       19524
----------------------------------------------
BestVal : 587 BestWeight: 642
AvrgVal : 375 AvrgWeught: 396
